3.217e+02 2.011e+02
3.252e+02 1.025e+02
4.201e+02 3.559e+02
2.542e+02 3.517e+02
2.749e+02 3.171e+02
3.713e+02 3.877e+02
3.978e+02 4.052e+02
2.914e+02 2.897e+02
2.155e+02 3.599e+02
3.650e+02 1.339e+02
3.256e+02 3.006e+02
3.166e+02 3.303e+02
4.809e+02 2.169e+02
4.621e+02 3.623e+02
2.062e+02 2.117e+02
3.622e+02 4.799e+02
2.671e+02 2.756e+02
2.703e+02 4.441e+02
2.536e+02 2.255e+02
2.989e+02 3.008e+02
3.665e+02 2.721e+02
2.276e+02 1.618e+02
3.040e+02 3.893e+02
4.293e+02 2.169e+02
4.155e+02 2.428e+02
3.545e+02 2.980e+02
2.698e+02 2.070e+02
3.563e+02 2.999e+02
3.052e+02 3.004e+02
2.955e+02 2.922e+02
3.031e+02 3.065e+02
1.252e+02 2.806e+02
3.726e+02 3.420e+02
3.258e+02 4.134e+02
4.067e+02 3.055e+02
2.902e+02 3.130e+02
1.512e+02 2.762e+02
2.914e+02 2.637e+02
3.799e+02 4.467e+02
2.600e+02 3.455e+02
2.582e+02 1.309e+02
3.445e+02 2.748e+02
3.665e+02 2.633e+02
4.393e+02 4.399e+02
3.924e+02 2.023e+02
3.343e+02 2.436e+02
2.089e+02 2.374e+02
2.793e+02 2.048e+02
3.960e+02 4.298e+02
4.077e+02 4.247e+02
4.082e+02 3.339e+02
2.071e+02 3.313e+02
2.573e+02 3.966e+02
1.470e+02 3.155e+02
4.037e+02 4.576e+02
4.074e+02 3.802e+02
2.261e+02 3.585e+02
3.136e+02 3.453e+02
3.299e+02 2.661e+02
3.647e+02 3.747e+02
3.345e+02 1.295e+02
4.906e+02 2.758e+02
2.411e+02 1.915e+02
2.479e+02 4.035e+02
2.699e+02 2.165e+02
2.726e+02 1.619e+02
2.813e+02 4.629e+02
2.761e+02 2.923e+02
4.145e+02 3.309e+02
2.790e+02 2.843e+02
3.404e+02 2.605e+02
3.060e+02 3.251e+02
2.087e+02 2.004e+02
4.358e+02 2.322e+02
3.419e+02 2.176e+02
3.849e+02 3.352e+02
3.164e+02 1.429e+02
2.901e+02 2.946e+02
2.903e+02 2.673e+02
2.585e+02 3.618e+02
3.592e+02 4.136e+02
2.297e+02 3.402e+02
1.980e+02 2.225e+02
3.020e+02 2.861e+02
2.655e+02 2.379e+02
3.018e+02 3.723e+02
2.394e+02 2.073e+02
2.969e+02 4.286e+02
4.927e+02 3.088e+02
1.795e+02 1.779e+02
3.632e+02 2.198e+02
3.918e+02 1.668e+02
4.777e+02 2.894e+02
3.140e+02 3.875e+02
1.444e+02 4.155e+02
3.979e+02 2.658e+02
2.974e+02 3.085e+02
3.834e+02 2.014e+02
3.347e+02 3.321e+02
1.435e+02 2.225e+02
2.918e+02 2.628e+02
3.667e+02 3.286e+02
3.226e+02 2.992e+02
3.236e+02 1.564e+02
2.755e+02 3.270e+02
2.609e+02 3.694e+02
2.729e+02 3.205e+02
1.670e+02 4.281e+02
4.036e+02 2.805e+02
2.686e+02 2.587e+02
3.198e+02 4.158e+02
2.959e+02 3.061e+02
2.852e+02 3.410e+02
1.551e+02 2.692e+02
4.223e+02 3.480e+02
3.544e+02 2.240e+02
2.575e+02 4.600e+02
2.804e+02 4.354e+02
3.029e+02 3.150e+02
2.077e+02 4.076e+02
2.980e+02 3.463e+02
2.620e+02 4.127e+02
2.871e+02 2.999e+02
3.048e+02 3.038e+02
3.125e+02 2.308e+02
3.658e+02 3.534e+02
4.689e+02 2.906e+02
1.631e+02 4.370e+02
2.809e+02 2.784e+02
4.021e+02 3.178e+02
3.102e+02 2.709e+02
2.659e+02 2.651e+02
2.508e+02 3.013e+02
2.955e+02 3.705e+02
2.819e+02 4.011e+02
4.796e+02 3.190e+02
3.786e+02 4.094e+02
2.489e+02 3.358e+02
3.177e+02 2.372e+02
2.108e+02 3.003e+02
4.666e+02 1.957e+02
2.544e+02 3.078e+02
3.261e+02 3.069e+02
2.530e+02 2.377e+02
4.262e+02 2.313e+02
1.164e+02 2.611e+02
2.726e+02 2.166e+02
2.787e+02 2.227e+02
2.892e+02 2.771e+02
1.341e+02 3.655e+02
3.171e+02 2.262e+02
4.023e+02 1.622e+02
2.087e+02 4.126e+02
2.721e+02 2.812e+02
4.247e+02 1.802e+02
4.449e+02 1.857e+02
4.481e+02 1.853e+02
1.996e+02 2.051e+02
1.886e+02 3.235e+02
3.485e+02 2.122e+02
3.763e+02 2.481e+02
1.185e+02 3.716e+02
2.506e+02 3.423e+02
2.776e+02 4.255e+02
2.172e+02 1.952e+02
3.631e+02 3.155e+02
3.760e+02 3.111e+02
2.583e+02 3.335e+02
1.552e+02 3.148e+02
2.639e+02 2.897e+02
2.464e+02 4.450e+02
2.269e+02 3.052e+02
2.714e+02 4.253e+02
2.621e+02 3.362e+02
3.970e+02 2.811e+02
3.775e+02 2.068e+02
3.550e+02 4.756e+02
2.877e+02 3.167e+02
3.585e+02 2.152e+02
1.997e+02 2.633e+02
3.216e+02 2.726e+02
3.419e+02 3.025e+02
3.207e+02 4.036e+02
3.155e+02 2.450e+02
2.207e+02 1.214e+02
2.037e+02 2.094e+02
2.861e+02 3.215e+02
1.878e+02 3.442e+02
2.504e+02 2.246e+02
1.566e+02 2.664e+02
1.989e+02 3.787e+02
3.210e+02 2.217e+02
1.620e+02 2.707e+02
2.565e+02 4.338e+02
4.027e+02 3.077e+02
2.992e+02 3.003e+02
2.517e+02 4.403e+02
3.320e+02 2.738e+02
2.957e+02 2.962e+02
4.158e+02 3.251e+02
7.553e+02 8.148e+02
7.965e+02 7.356e+02
6.966e+02 7.622e+02
8.099e+02 7.568e+02
7.875e+02 9.106e+02
6.046e+02 7.848e+02
6.842e+02 7.812e+02
7.060e+02 7.309e+02
7.640e+02 6.780e+02
6.393e+02 8.483e+02
8.061e+02 8.207e+02
6.028e+02 8.020e+02
9.644e+02 7.181e+02
6.932e+02 9.143e+02
8.617e+02 8.466e+02
7.904e+02 8.032e+02
7.405e+02 7.886e+02
7.936e+02 7.417e+02
7.251e+02 8.373e+02
6.938e+02 7.898e+02
6.685e+02 6.789e+02
6.128e+02 7.881e+02
7.511e+02 8.315e+02
7.649e+02 7.901e+02
8.197e+02 8.289e+02
7.905e+02 7.950e+02
7.570e+02 6.486e+02
7.697e+02 8.155e+02
7.957e+02 8.119e+02
8.063e+02 7.271e+02
7.826e+02 8.601e+02
8.475e+02 8.636e+02
8.622e+02 8.514e+02
8.941e+02 8.071e+02
7.479e+02 6.556e+02
8.133e+02 7.460e+02
7.500e+02 9.236e+02
8.172e+02 7.737e+02
7.146e+02 8.329e+02
9.051e+02 6.940e+02
9.687e+02 8.867e+02
8.634e+02 7.510e+02
6.638e+02 7.959e+02
8.040e+02 7.989e+02
8.581e+02 6.570e+02
7.916e+02 8.681e+02
8.077e+02 8.419e+02
8.247e+02 9.544e+02
9.483e+02 7.330e+02
7.249e+02 8.388e+02
8.792e+02 8.027e+02
8.022e+02 7.846e+02
7.085e+02 6.407e+02
8.264e+02 9.529e+02
7.213e+02 6.852e+02
8.396e+02 7.559e+02
7.604e+02 7.950e+02
8.092e+02 7.732e+02
8.288e+02 6.969e+02
7.736e+02 9.291e+02
8.459e+02 6.616e+02
8.105e+02 8.378e+02
6.590e+02 7.871e+02
8.772e+02 8.516e+02
7.904e+02 8.301e+02
8.239e+02 8.126e+02
8.007e+02 8.032e+02
8.677e+02 9.157e+02
8.306e+02 8.153e+02
7.485e+02 9.367e+02
8.049e+02 7.586e+02
8.521e+02 8.396e+02
6.909e+02 7.312e+02
9.706e+02 8.377e+02
7.989e+02 7.998e+02
8.068e+02 7.417e+02
7.540e+02 8.186e+02
7.189e+02 8.750e+02
7.678e+02 8.528e+02
6.667e+02 9.204e+02
6.703e+02 8.895e+02
7.278e+02 8.592e+02
9.026e+02 8.809e+02
8.305e+02 7.684e+02
9.466e+02 7.826e+02
8.106e+02 8.094e+02
9.186e+02 8.188e+02
8.150e+02 8.532e+02
6.208e+02 8.684e+02
7.538e+02 7.629e+02
7.919e+02 9.109e+02
8.281e+02 7.276e+02
6.941e+02 9.107e+02
6.575e+02 8.081e+02
7.381e+02 8.212e+02
7.875e+02 8.547e+02
8.038e+02 8.912e+02
6.794e+02 9.189e+02
7.818e+02 7.086e+02
8.913e+02 8.152e+02
6.725e+02 8.081e+02
8.403e+02 9.139e+02
8.883e+02 8.527e+02
8.005e+02 7.994e+02
8.170e+02 7.723e+02
9.193e+02 8.079e+02
8.239e+02 8.602e+02
7.964e+02 7.023e+02
7.496e+02 8.585e+02
8.207e+02 7.872e+02
8.905e+02 8.878e+02
7.599e+02 7.339e+02
8.013e+02 8.131e+02
7.637e+02 7.301e+02
8.177e+02 7.949e+02
7.220e+02 9.380e+02
9.047e+02 8.360e+02
7.980e+02 9.011e+02
7.201e+02 7.454e+02
6.394e+02 9.049e+02
8.461e+02 7.231e+02
7.858e+02 8.263e+02
9.299e+02 8.550e+02
9.219e+02 7.557e+02
7.714e+02 7.288e+02
7.964e+02 8.248e+02
7.903e+02 7.961e+02
8.564e+02 8.022e+02
7.963e+02 8.429e+02
8.590e+02 8.130e+02
6.657e+02 6.785e+02
7.756e+02 7.511e+02
9.696e+02 8.803e+02
8.149e+02 7.029e+02
8.018e+02 8.284e+02
9.178e+02 8.761e+02
6.399e+02 8.947e+02
6.760e+02 6.642e+02
6.593e+02 7.979e+02
7.993e+02 7.979e+02
8.378e+02 6.278e+02
6.317e+02 8.033e+02
8.049e+02 7.697e+02
7.902e+02 8.195e+02
8.392e+02 6.931e+02
8.121e+02 7.921e+02
9.066e+02 8.976e+02
6.717e+02 6.767e+02
8.725e+02 7.826e+02
7.960e+02 7.977e+02
8.730e+02 7.148e+02
7.199e+02 7.099e+02
7.443e+02 6.829e+02
9.139e+02 7.930e+02
6.893e+02 8.306e+02
8.524e+02 8.499e+02
7.878e+02 7.987e+02
9.108e+02 8.349e+02
9.329e+02 6.650e+02
9.096e+02 8.172e+02
7.967e+02 7.615e+02
9.514e+02 8.425e+02
7.970e+02 8.014e+02
7.561e+02 8.623e+02
8.116e+02 8.997e+02
8.354e+02 6.932e+02
7.580e+02 8.375e+02
8.248e+02 8.093e+02
8.346e+02 8.601e+02
8.259e+02 8.232e+02
8.191e+02 8.091e+02
6.496e+02 7.562e+02
8.443e+02 9.275e+02
9.530e+02 8.403e+02
7.499e+02 7.166e+02
7.917e+02 8.040e+02
6.316e+02 9.064e+02
6.800e+02 6.513e+02
7.088e+02 8.616e+02
7.434e+02 9.142e+02
7.120e+02 9.401e+02
6.843e+02 6.495e+02
8.715e+02 7.436e+02
7.363e+02 8.875e+02
7.841e+02 9.657e+02
9.816e+02 8.575e+02
7.879e+02 7.673e+02
7.998e+02 7.996e+02
7.872e+02 8.092e+02
8.634e+02 8.851e+02
9.104e+02 7.012e+02
8.408e+02 7.954e+02
8.010e+02 8.116e+02
6.624e+02 9.234e+02
8.017e+02 7.996e+02
7.281e+02 7.651e+02
7.940e+02 7.398e+02
9.687e+02 7.055e+02
7.540e+02 6.359e+02
8.138e+02 8.187e+02
3.273e+02 8.217e+02
2.324e+02 7.050e+02
4.994e+02 8.036e+02
2.730e+02 7.968e+02
3.007e+02 8.131e+02
2.936e+02 6.688e+02
1.463e+02 8.783e+02
4.601e+02 7.587e+02
3.354e+02 9.176e+02
3.805e+02 8.459e+02
3.529e+02 6.424e+02
2.827e+02 8.854e+02
2.917e+02 8.409e+02
4.401e+02 9.379e+02
2.801e+02 9.755e+02
4.169e+02 7.671e+02
4.417e+02 8.216e+02
4.365e+02 8.865e+02
4.455e+02 6.789e+02
4.650e+02 8.486e+02
1.919e+02 7.462e+02
2.988e+02 7.834e+02
2.485e+02 6.772e+02
3.288e+02 9.544e+02
2.787e+02 7.729e+02
3.081e+02 7.492e+02
3.801e+02 9.531e+02
3.663e+02 7.806e+02
1.317e+02 7.497e+02
1.706e+02 8.725e+02
3.994e+02 8.823e+02
1.166e+02 8.606e+02
2.833e+02 8.096e+02
3.966e+02 7.952e+02
2.943e+02 7.571e+02
3.263e+02 9.263e+02
3.772e+02 9.059e+02
1.528e+02 8.349e+02
1.712e+02 6.608e+02
2.492e+02 8.538e+02
3.252e+02 9.318e+02
2.887e+02 8.041e+02
3.112e+02 8.280e+02
2.834e+02 9.544e+02
3.196e+02 7.110e+02
2.773e+02 7.171e+02
2.876e+02 7.569e+02
2.812e+02 7.908e+02
3.220e+02 9.742e+02
1.742e+02 8.446e+02
3.552e+02 8.493e+02
1.675e+02 8.298e+02
1.665e+02 8.144e+02
2.616e+02 9.894e+02
4.510e+02 7.631e+02
4.179e+02 8.046e+02
3.948e+02 7.948e+02
2.744e+02 8.021e+02
2.771e+02 8.459e+02
2.804e+02 9.022e+02
4.534e+02 6.950e+02
4.098e+02 9.593e+02
1.654e+02 6.714e+02
3.062e+02 7.917e+02
3.148e+02 8.245e+02
3.723e+02 7.382e+02
3.157e+02 8.046e+02
2.167e+02 8.406e+02
4.335e+02 7.614e+02
3.314e+02 7.430e+02
2.283e+02 6.440e+02
3.124e+02 6.632e+02
2.122e+02 8.369e+02
1.829e+02 7.651e+02
3.019e+02 8.202e+02
2.435e+02 6.746e+02
3.300e+02 6.080e+02
4.417e+02 8.449e+02
1.590e+02 7.082e+02
4.218e+02 9.218e+02
4.055e+02 9.071e+02
2.585e+02 8.753e+02
4.264e+02 9.148e+02
4.028e+02 8.950e+02
3.509e+02 9.580e+02
2.841e+02 7.859e+02
3.970e+02 7.759e+02
3.161e+02 7.400e+02
3.895e+02 8.119e+02
1.763e+02 9.192e+02
2.865e+02 7.774e+02
3.151e+02 8.083e+02
3.342e+02 8.651e+02
2.360e+02 8.280e+02
3.860e+02 9.082e+02
2.986e+02 7.589e+02
2.451e+02 7.776e+02
2.855e+02 6.639e+02
2.613e+02 6.179e+02
3.006e+02 8.842e+02
3.646e+02 7.560e+02
3.614e+02 7.574e+02
2.572e+02 8.330e+02
3.372e+02 7.191e+02
4.171e+02 7.633e+02
4.183e+02 7.001e+02
3.479e+02 7.843e+02
2.746e+02 7.428e+02
3.516e+02 9.723e+02
4.250e+02 9.031e+02
1.400e+02 7.195e+02
2.559e+02 9.320e+02
4.356e+02 8.761e+02
4.030e+02 9.517e+02
3.473e+02 6.128e+02
3.008e+02 8.294e+02
3.490e+02 7.445e+02
4.532e+02 8.621e+02
1.401e+02 8.429e+02
4.445e+02 6.922e+02
2.961e+02 8.052e+02
3.156e+02 7.418e+02
2.277e+02 8.512e+02
2.600e+02 9.494e+02
2.030e+02 9.539e+02
2.788e+02 8.563e+02
3.414e+02 8.803e+02
2.587e+02 8.679e+02
3.041e+02 7.795e+02
3.913e+02 7.151e+02
3.238e+02 8.777e+02
2.480e+02 7.448e+02
1.540e+02 9.151e+02
2.739e+02 7.292e+02
2.991e+02 7.980e+02
2.721e+02 8.411e+02
2.482e+02 9.534e+02
4.274e+02 9.132e+02
3.074e+02 7.973e+02
3.130e+02 6.775e+02
2.370e+02 7.776e+02
3.461e+02 8.140e+02
2.542e+02 7.814e+02
2.869e+02 8.783e+02
2.433e+02 7.471e+02
4.734e+02 7.447e+02
3.475e+02 7.404e+02
2.824e+02 6.708e+02
1.592e+02 7.571e+02
3.727e+02 8.683e+02
1.890e+02 6.782e+02
2.776e+02 7.344e+02
2.452e+02 7.935e+02
2.548e+02 7.809e+02
2.586e+02 8.342e+02
3.147e+02 8.479e+02
4.387e+02 7.141e+02
3.025e+02 9.186e+02
3.999e+02 6.767e+02
2.145e+02 7.998e+02
3.973e+02 6.361e+02
2.007e+02 7.704e+02
3.981e+02 8.465e+02
3.828e+02 8.212e+02
2.109e+02 6.796e+02
2.559e+02 7.350e+02
1.487e+02 8.336e+02
3.301e+02 7.772e+02
2.633e+02 7.429e+02
4.218e+02 7.087e+02
2.725e+02 7.755e+02
3.503e+02 8.433e+02
2.983e+02 8.012e+02
2.508e+02 7.837e+02
3.256e+02 7.956e+02
2.533e+02 8.373e+02
1.707e+02 9.047e+02
1.615e+02 6.953e+02
1.982e+02 7.607e+02
2.688e+02 9.149e+02
4.083e+02 8.007e+02
1.402e+02 9.181e+02
3.032e+02 8.266e+02
4.666e+02 8.070e+02
2.303e+02 7.321e+02
3.118e+02 8.293e+02
4.527e+02 7.505e+02
3.053e+02 7.791e+02
2.394e+02 9.823e+02
2.492e+02 7.113e+02
3.040e+02 7.934e+02
3.630e+02 7.789e+02
4.070e+02 7.333e+02
3.922e+02 7.286e+02
4.870e+02 7.807e+02
2.144e+02 7.591e+02
3.347e+02 7.774e+02
2.226e+02 7.045e+02
2.581e+02 6.694e+02
3.443e+02 7.681e+02
6.964e+02 3.606e+02
8.392e+02 1.764e+02
7.865e+02 2.554e+02
9.851e+02 3.068e+02
8.035e+02 2.981e+02
9.852e+02 2.765e+02
7.552e+02 3.317e+02
9.384e+02 2.315e+02
8.614e+02 2.475e+02
7.622e+02 3.196e+02
8.881e+02 2.035e+02
7.449e+02 3.708e+02
6.630e+02 2.314e+02
6.693e+02 4.039e+02
7.974e+02 2.977e+02
8.447e+02 2.664e+02
9.029e+02 3.203e+02
8.551e+02 2.919e+02
7.756e+02 3.031e+02
8.117e+02 2.935e+02
8.253e+02 2.364e+02
8.345e+02 1.439e+02
8.084e+02 2.858e+02
6.637e+02 2.609e+02
9.036e+02 2.658e+02
8.038e+02 3.231e+02
6.848e+02 4.453e+02
8.596e+02 3.443e+02
6.615e+02 4.312e+02
8.100e+02 3.975e+02
8.055e+02 2.860e+02
8.227e+02 3.580e+02
6.940e+02 1.637e+02
8.853e+02 1.467e+02
9.613e+02 3.991e+02
8.616e+02 2.764e+02
8.230e+02 2.842e+02
8.013e+02 3.014e+02
8.008e+02 2.988e+02
8.027e+02 1.565e+02
7.868e+02 3.322e+02
6.858e+02 4.301e+02
6.674e+02 2.694e+02
8.136e+02 3.911e+02
8.217e+02 2.541e+02
7.909e+02 2.994e+02
8.063e+02 3.163e+02
7.753e+02 3.146e+02
7.870e+02 1.190e+02
8.743e+02 4.072e+02
9.473e+02 3.997e+02
7.969e+02 3.561e+02
7.970e+02 3.030e+02
7.921e+02 2.879e+02
7.698e+02 2.767e+02
8.903e+02 3.158e+02
8.588e+02 2.199e+02
8.234e+02 2.944e+02
7.840e+02 2.984e+02
7.700e+02 3.574e+02
8.308e+02 3.213e+02
6.479e+02 2.685e+02
8.035e+02 2.976e+02
7.039e+02 4.049e+02
6.891e+02 1.925e+02
7.274e+02 2.161e+02
6.678e+02 4.498e+02
8.170e+02 3.274e+02
8.428e+02 3.128e+02
6.069e+02 3.297e+02
8.968e+02 2.497e+02
7.637e+02 2.936e+02
9.185e+02 3.777e+02
7.962e+02 2.964e+02
8.890e+02 4.333e+02
7.997e+02 2.719e+02
7.755e+02 2.539e+02
7.154e+02 1.921e+02
8.050e+02 2.986e+02
9.110e+02 3.332e+02
7.103e+02 3.654e+02
7.435e+02 4.798e+02
9.112e+02 2.027e+02
8.024e+02 3.316e+02
9.097e+02 2.721e+02
7.474e+02 1.389e+02
7.941e+02 3.104e+02
6.350e+02 3.191e+02
6.830e+02 2.704e+02
7.829e+02 2.808e+02
8.847e+02 1.669e+02
9.273e+02 3.538e+02
8.687e+02 2.339e+02
9.126e+02 3.270e+02
7.656e+02 2.973e+02
7.706e+02 2.839e+02
9.309e+02 2.123e+02
7.694e+02 3.958e+02
7.673e+02 2.331e+02
8.638e+02 4.392e+02
7.932e+02 4.736e+02
9.089e+02 3.559e+02
9.058e+02 2.413e+02
8.505e+02 1.933e+02
7.654e+02 1.532e+02
8.133e+02 2.934e+02
7.239e+02 2.494e+02
8.131e+02 3.042e+02
6.260e+02 2.565e+02
8.050e+02 4.319e+02
9.199e+02 2.114e+02
7.188e+02 3.306e+02
9.732e+02 2.949e+02
8.380e+02 2.832e+02
8.877e+02 4.178e+02
8.856e+02 1.505e+02
8.172e+02 1.702e+02
7.079e+02 2.780e+02
9.088e+02 1.920e+02
8.066e+02 2.942e+02
8.850e+02 3.841e+02
8.178e+02 3.100e+02
8.137e+02 1.796e+02
7.977e+02 2.607e+02
7.407e+02 2.221e+02
8.892e+02 3.319e+02
8.102e+02 2.641e+02
7.498e+02 1.196e+02
7.768e+02 2.946e+02
8.020e+02 2.905e+02
8.166e+02 3.170e+02
8.345e+02 3.308e+02
7.383e+02 1.865e+02
7.505e+02 3.914e+02
8.661e+02 3.093e+02
8.875e+02 3.307e+02
7.994e+02 2.995e+02
9.432e+02 2.765e+02
6.480e+02 3.906e+02
7.861e+02 2.910e+02
8.642e+02 2.335e+02
8.116e+02 3.957e+02
8.216e+02 2.382e+02
8.046e+02 2.654e+02
8.059e+02 3.070e+02
9.756e+02 3.077e+02
8.212e+02 2.365e+02
7.675e+02 3.107e+02
9.340e+02 1.982e+02
8.055e+02 4.120e+02
8.015e+02 3.008e+02
6.859e+02 3.161e+02
7.036e+02 4.065e+02
6.542e+02 2.833e+02
6.030e+02 3.259e+02
8.160e+02 1.705e+02
9.032e+02 2.130e+02
8.313e+02 4.001e+02
7.086e+02 4.413e+02
7.924e+02 2.688e+02
6.583e+02 2.519e+02
7.991e+02 3.007e+02
8.085e+02 3.777e+02
7.286e+02 2.292e+02
7.751e+02 2.870e+02
8.309e+02 3.063e+02
8.830e+02 2.320e+02
6.656e+02 4.385e+02
7.574e+02 3.333e+02
8.105e+02 2.996e+02
6.770e+02 2.827e+02
8.607e+02 3.068e+02
6.941e+02 2.087e+02
9.426e+02 3.669e+02
8.447e+02 1.940e+02
9.218e+02 2.749e+02
9.318e+02 2.444e+02
9.408e+02 1.979e+02
6.841e+02 3.537e+02
6.662e+02 3.021e+02
8.933e+02 4.729e+02
8.033e+02 1.642e+02
6.751e+02 4.132e+02
7.548e+02 2.790e+02
8.915e+02 1.436e+02
8.129e+02 2.652e+02
7.312e+02 2.639e+02
8.820e+02 2.467e+02
7.897e+02 3.470e+02
8.229e+02 1.549e+02
7.930e+02 1.763e+02
7.173e+02 2.455e+02
8.074e+02 3.530e+02
7.135e+02 3.062e+02
6.684e+02 1.867e+02
6.860e+02 3.369e+02
7.857e+02 1.543e+02
8.810e+02 2.798e+02
7.177e+02 2.954e+02
8.036e+02 3.062e+02
3.449e+02 5.678e+02
6.850e+02 4.993e+02
4.721e+02 5.299e+02
5.297e+02 6.011e+02
3.502e+02 4.812e+02
5.433e+02 3.530e+02
5.762e+02 6.438e+02
6.468e+02 5.486e+02
4.784e+02 4.196e+02
5.325e+02 5.688e+02
4.472e+02 4.146e+02
4.969e+02 4.504e+02
5.076e+02 4.113e+02
5.785e+02 5.909e+02
5.034e+02 5.180e+02
5.389e+02 3.794e+02
5.295e+02 4.862e+02
5.578e+02 5.701e+02
5.145e+02 5.072e+02
5.513e+02 5.274e+02
6.215e+02 5.252e+02
3.450e+02 4.371e+02
4.635e+02 3.616e+02
5.139e+02 6.323e+02
4.317e+02 3.811e+02
3.753e+02 4.884e+02
3.863e+02 4.389e+02
5.871e+02 5.427e+02
4.691e+02 4.309e+02
6.469e+02 3.826e+02
4.066e+02 5.939e+02
6.584e+02 4.460e+02
5.439e+02 3.267e+02
5.539e+02 4.421e+02
5.048e+02 5.057e+02
4.139e+02 5.719e+02
5.006e+02 4.989e+02
4.898e+02 4.799e+02
4.552e+02 3.153e+02
6.550e+02 4.448e+02
5.132e+02 5.249e+02
5.013e+02 5.085e+02
5.288e+02 5.999e+02
5.193e+02 4.399e+02
3.884e+02 4.787e+02
4.770e+02 5.287e+02
6.565e+02 4.106e+02
5.273e+02 5.638e+02
4.814e+02 6.228e+02
4.705e+02 5.140e+02
5.755e+02 5.361e+02
4.335e+02 4.976e+02
4.991e+02 4.964e+02
5.709e+02 5.042e+02
3.910e+02 5.375e+02
6.459e+02 4.424e+02
4.974e+02 4.912e+02
5.178e+02 6.053e+02
5.939e+02 6.552e+02
4.882e+02 3.771e+02
4.460e+02 4.600e+02
3.852e+02 3.532e+02
4.478e+02 4.555e+02
5.784e+02 3.843e+02
4.123e+02 4.445e+02
5.074e+02 3.761e+02
5.307e+02 6.708e+02
4.458e+02 4.189e+02
6.378e+02 4.832e+02
4.997e+02 5.243e+02
6.401e+02 4.008e+02
6.186e+02 5.864e+02
4.637e+02 5.375e+02
4.891e+02 5.166e+02
4.647e+02 5.529e+02
4.265e+02 4.281e+02
6.196e+02 6.204e+02
3.308e+02 4.856e+02
4.401e+02 6.087e+02
6.503e+02 5.617e+02
6.280e+02 6.090e+02
3.367e+02 5.236e+02
5.567e+02 4.523e+02
4.712e+02 5.918e+02
4.712e+02 4.764e+02
5.349e+02 4.613e+02
5.008e+02 3.733e+02
4.809e+02 5.638e+02
3.896e+02 5.156e+02
5.825e+02 6.622e+02
4.235e+02 4.049e+02
4.951e+02 4.784e+02
3.949e+02 4.770e+02
6.034e+02 6.448e+02
4.691e+02 3.169e+02
4.621e+02 4.508e+02
3.464e+02 4.803e+02
4.614e+02 4.414e+02
4.994e+02 5.062e+02
3.892e+02 5.701e+02
5.896e+02 3.907e+02
4.291e+02 5.123e+02
4.650e+02 5.089e+02
3.438e+02 5.183e+02
4.943e+02 5.551e+02
5.187e+02 5.010e+02
5.039e+02 5.008e+02
4.227e+02 4.379e+02
4.236e+02 5.668e+02
3.880e+02 5.872e+02
3.051e+02 4.626e+02
4.961e+02 5.537e+02
5.344e+02 5.444e+02
3.192e+02 4.181e+02
4.705e+02 4.300e+02
4.735e+02 5.292e+02
4.905e+02 5.217e+02
5.235e+02 4.727e+02
5.099e+02 5.765e+02
4.118e+02 5.190e+02
4.975e+02 5.217e+02
5.047e+02 5.077e+02
6.206e+02 4.574e+02
4.028e+02 5.855e+02
5.627e+02 3.388e+02
4.270e+02 5.731e+02
4.719e+02 5.493e+02
5.617e+02 6.137e+02
5.633e+02 5.253e+02
5.215e+02 6.194e+02
4.663e+02 4.793e+02
4.158e+02 6.054e+02
3.847e+02 4.028e+02
5.202e+02 4.732e+02
4.671e+02 5.565e+02
4.852e+02 6.308e+02
4.652e+02 5.709e+02
5.660e+02 4.517e+02
5.351e+02 4.196e+02
4.093e+02 4.485e+02
4.567e+02 6.194e+02
4.709e+02 5.496e+02
5.565e+02 5.475e+02
3.139e+02 5.491e+02
5.184e+02 4.725e+02
4.136e+02 5.146e+02
5.665e+02 6.121e+02
5.042e+02 5.060e+02
4.565e+02 5.785e+02
4.520e+02 6.275e+02
3.511e+02 6.269e+02
4.988e+02 4.992e+02
5.150e+02 4.956e+02
4.534e+02 6.900e+02
5.120e+02 4.411e+02
4.860e+02 3.904e+02
5.312e+02 5.107e+02
4.918e+02 6.481e+02
4.910e+02 5.513e+02
4.836e+02 6.547e+02
3.723e+02 5.983e+02
5.312e+02 4.410e+02
4.838e+02 3.878e+02
5.284e+02 3.931e+02
4.772e+02 6.577e+02
4.471e+02 4.905e+02
4.500e+02 5.496e+02
4.815e+02 4.650e+02
5.224e+02 6.781e+02
5.827e+02 4.700e+02
5.733e+02 5.507e+02
5.715e+02 5.005e+02
4.825e+02 5.283e+02
4.785e+02 5.749e+02
5.071e+02 5.929e+02
5.125e+02 4.912e+02
4.797e+02 5.098e+02
4.899e+02 4.898e+02
4.789e+02 3.851e+02
5.158e+02 5.058e+02
4.713e+02 3.686e+02
5.775e+02 3.846e+02
5.306e+02 5.935e+02
5.529e+02 5.270e+02
6.555e+02 5.110e+02
5.554e+02 5.424e+02
4.778e+02 6.034e+02
5.259e+02 3.824e+02
5.612e+02 4.697e+02
4.681e+02 6.067e+02
4.545e+02 5.808e+02
4.432e+02 6.001e+02
5.383e+02 4.814e+02
5.235e+02 4.262e+02
4.822e+02 5.007e+02
4.671e+02 4.462e+02
4.483e+02 5.390e+02
5.463e+02 4.790e+02
6.644e+02 4.895e+02
4.652e+02 5.718e+02
